a_star_times_200 = [0.533778357 0.113564005 0.09765606 0.110109586 0.097538332 0.100129541 0.121766668 0.102460009 0.100110972 0.098950677 0.118448546 0.09945043 0.09435058 0.099924504 0.095025345 0.100970232 0.096027221 0.098524801 0.123338223 0.122623162 0.106943958 0.097867023 0.110224154 0.139206661 0.120072249 0.118319756 0.154527939 0.135589477 0.16281317 0.135697724 0.134919848 0.133430861 0.128503653 0.130257726 0.193083183 0.188689308 0.160779788 0.116203016 0.124626914 0.127307407 0.129178023 0.11674109 0.143436586 0.153473914 0.164410799 0.139267105 0.129399257 0.112908993 0.114540597 0.113799461 0.135468194 0.134727848 0.153844482 0.212317546 0.146906016 0.180254348 0.20463992 0.146798955 0.127339802 0.104896748 0.113066622 0.120438471 0.117885188 0.124107803 0.132453083 0.128843406 0.119160446 0.102908404 0.113342375 0.130580491 0.157479444 0.128444394 0.171837957 0.225426874 0.196732367 0.199378489 0.159520332 0.182036867 0.153088335 0.175533758 0.147005572 0.161957862 0.189102543 0.181254644 0.138024637 0.120999459 0.123045877 0.123563803 0.131331108 0.12376884 0.116967855 0.114303955 0.117874916 0.109124698 0.119133583 0.10997487 0.110554425 0.10932776 0.108254377 0.113244795 ];