a_star_times_60 = [0.148330213 0.013290662 0.006793874 0.006645726 0.008578762 0.009909329 0.007403454 0.006503899 0.007292046 0.006579355 0.006610565 0.010126614 0.008009478 0.006783207 0.007640886 0.007313379 0.006772145 0.009148046 0.008223997 0.007027355 0.007307058 0.007828935 0.008590219 0.007492343 0.007062121 0.024940632 0.006538269 0.006406713 0.006556836 0.006549726 0.006512195 0.006588442 0.006779652 0.006753973 0.006552491 0.006461232 0.006664294 0.006713677 0.006626367 0.006658763 0.006556442 0.006577775 0.006880788 0.006743305 0.006518121 0.006613726 0.006621232 0.006488491 0.00667575 0.007959305 0.098690331 0.007873182 0.009791206 0.009652144 0.008624984 0.009227848 0.008539651 0.009146466 0.010274762 0.008985676 0.007819059 0.009054416 0.008216885 0.010119897 0.008291157 0.006487701 0.007156935 0.006726713 0.006523257 0.007000886 0.007446516 0.007136787 0.006898566 0.006572639 0.007767701 0.010572243 0.006827849 0.006755553 0.007533824 0.006525627 0.006472294 0.006652047 0.006391701 0.006489281 0.006380639 0.006537479 0.006503109 0.006367603 0.006474269 0.00644701 0.006347454 0.006361676 0.006470713 0.006560788 0.006405133 0.006500343 0.006461627 0.006578565 0.006674961 0.008537281 ];