a_star_times_120 = [1.752845925 1.037013713 1.143299499 0.98338371 0.931534249 0.919173562 0.926641017 0.826895081 0.925938202 0.814113654 0.939838839 0.902989865 0.920526649 0.809450742 0.934901359 0.821787329 0.959275473 0.898058706 0.912594602 0.81155326 0.909982455 0.815257752 0.933985211 0.867895361 0.91774502 0.820031281 0.947007626 0.87283126 1.302434646 0.975603368 1.255378467 0.936475284 1.057208076 0.901162705 0.921875784 0.821328268 0.923533463 0.842936556 0.923176722 0.913334948 1.101488553 0.912716677 1.062714049 0.963195273 1.617574868 0.932663335 0.969388655 1.141204092 1.242975509 1.214136409 1.025620928 0.890721229 0.927678053 0.819367578 0.963031323 0.885097132 0.9260184 0.844845888 0.927241906 0.825089649 0.98396129 0.835254584 0.912300676 0.811812025 0.929738694 0.940467777 1.132132293 0.878240443 0.925845758 0.889707895 1.055215386 1.039257269 1.091166779 0.822629996 1.003902813 0.928801609 0.947931675 0.953345599 1.047995635 0.858930623 0.955998832 0.954822339 1.060219236 1.393645672 0.981189538 0.855489243 1.226319713 0.9949602 1.19049869 0.941936221 1.044040279 0.897171399 0.972994776 0.90792616 1.017716536 0.875547704 0.9789847 0.885115305 0.936954889 0.940567332 ];